0 0 1 0 0 0
1 0 0 0 -6 0
2 0 0 0 -5 0
3 0 0 0 -5 10
4 0 0 0 -4 0
5 0 0 0 -4 8
6 0 0 0 -4 10
7 0 0 0 -4 18
8 0 0 0 -3 0
9 0 0 0 -3 4
a 0 0 0 -3 8
b 0 0 0 -3 c
c 0 0 0 -3 10
d 0 0 0 -3 14
e 0 0 0 -3 18
f 0 0 0 -3 1c
10 0 0 0 -2 0
11 0 0 0 -2 2
12 0 0 0 -2 4
13 0 0 0 -2 6
14 0 0 0 -2 8
15 0 0 0 -2 a
16 0 0 0 -2 c
17 0 0 0 -2 e
18 0 0 0 -2 10
19 0 0 0 -2 12
1a 0 0 0 -2 14
1b 0 0 0 -2 16
1c 0 0 0 -2 18
1d 0 0 0 -2 1a
1e 0 0 0 -2 1c
1f 0 0 0 -2 1e
20 0 0 0 -1 0
21 0 0 0 -1 1
22 0 0 0 -1 2
23 0 0 0 -1 3
24 0 0 0 -1 4
25 0 0 0 -1 5
26 0 0 0 -1 6
27 0 0 0 -1 7
28 0 0 0 -1 8
29 0 0 0 -1 9
2a 0 0 0 -1 a
2b 0 0 0 -1 b
2c 0 0 0 -1 c
2d 0 0 0 -1 d
2e 0 0 0 -1 e
2f 0 0 0 -1 f
30 0 0 0 -1 10
31 0 0 0 -1 11
32 0 0 0 -1 12
33 0 0 0 -1 13
34 0 0 0 -1 14
35 0 0 0 -1 15
36 0 0 0 -1 16
37 0 0 0 -1 17
38 0 0 0 -1 18
39 0 0 0 -1 19
3a 0 0 0 -1 1a
3b 0 0 0 -1 1b
3c 0 0 0 -1 1c
3d 0 0 0 -1 1d
3e 0 0 0 -1 1e
3f 0 0 0 -1 1f
40 0 0 0 0 0
41 0 0 0 0 1
42 0 0 0 0 2
43 0 0 0 0 3
44 0 0 0 0 4
45 0 0 0 0 5
46 0 0 0 0 6
47 0 0 0 0 7
48 0 0 0 0 8
49 0 0 0 0 9
4a 0 0 0 0 a
4b 0 0 0 0 b
4c 0 0 0 0 c
4d 0 0 0 0 d
4e 0 0 0 0 e
4f 0 0 0 0 f
50 0 0 0 0 10
51 0 0 0 0 11
52 0 0 0 0 12
53 0 0 0 0 13
54 0 0 0 0 14
55 0 0 0 0 15
56 0 0 0 0 16
57 0 0 0 0 17
58 0 0 0 0 18
59 0 0 0 0 19
5a 0 0 0 0 1a
5b 0 0 0 0 1b
5c 0 0 0 0 1c
5d 0 0 0 0 1d
5e 0 0 0 0 1e
5f 0 0 0 0 1f
60 0 0 0 1 0
61 0 0 0 1 2
62 0 0 0 1 4
63 0 0 0 1 6
64 0 0 0 1 8
65 0 0 0 1 a
66 0 0 0 1 c
67 0 0 0 1 e
68 0 0 0 1 10
69 0 0 0 1 12
6a 0 0 0 1 14
6b 0 0 0 1 16
6c 0 0 0 1 18
6d 0 0 0 1 1a
6e 0 0 0 1 1c
6f 0 0 0 1 1e
70 0 0 0 2 0
71 0 0 0 2 4
72 0 0 0 2 8
73 0 0 0 2 c
74 0 0 0 2 10
75 0 0 0 2 14
76 0 0 0 2 18
77 0 0 0 2 1c
78 0 0 0 3 0
79 0 0 0 3 8
7a 0 0 0 3 10
7b 0 0 0 3 18
7c 0 0 0 4 0
7d 0 0 0 4 10
7e 0 0 0 5 0
7f 0 0 0 6 0
80 1 0 1 0 0
81 1 0 0 6 0
82 1 0 0 5 0
83 1 0 0 4 10
84 1 0 0 4 0
85 1 0 0 3 18
86 1 0 0 3 10
87 1 0 0 3 8
88 1 0 0 3 0
89 1 0 0 2 1c
8a 1 0 0 2 18
8b 1 0 0 2 14
8c 1 0 0 2 10
8d 1 0 0 2 c
8e 1 0 0 2 8
8f 1 0 0 2 4
90 1 0 0 2 0
91 1 0 0 1 1e
92 1 0 0 1 1c
93 1 0 0 1 1a
94 1 0 0 1 18
95 1 0 0 1 16
96 1 0 0 1 14
97 1 0 0 1 12
98 1 0 0 1 10
99 1 0 0 1 e
9a 1 0 0 1 c
9b 1 0 0 1 a
9c 1 0 0 1 8
9d 1 0 0 1 6
9e 1 0 0 1 4
9f 1 0 0 1 2
a0 1 0 0 1 0
a1 1 0 0 0 1f
a2 1 0 0 0 1e
a3 1 0 0 0 1d
a4 1 0 0 0 1c
a5 1 0 0 0 1b
a6 1 0 0 0 1a
a7 1 0 0 0 19
a8 1 0 0 0 18
a9 1 0 0 0 17
aa 1 0 0 0 16
ab 1 0 0 0 15
ac 1 0 0 0 14
ad 1 0 0 0 13
ae 1 0 0 0 12
af 1 0 0 0 11
b0 1 0 0 0 10
b1 1 0 0 0 f
b2 1 0 0 0 e
b3 1 0 0 0 d
b4 1 0 0 0 c
b5 1 0 0 0 b
b6 1 0 0 0 a
b7 1 0 0 0 9
b8 1 0 0 0 8
b9 1 0 0 0 7
ba 1 0 0 0 6
bb 1 0 0 0 5
bc 1 0 0 0 4
bd 1 0 0 0 3
be 1 0 0 0 2
bf 1 0 0 0 1
c0 1 0 0 0 0
c1 1 0 0 -1 1f
c2 1 0 0 -1 1e
c3 1 0 0 -1 1d
c4 1 0 0 -1 1c
c5 1 0 0 -1 1b
c6 1 0 0 -1 1a
c7 1 0 0 -1 19
c8 1 0 0 -1 18
c9 1 0 0 -1 17
ca 1 0 0 -1 16
cb 1 0 0 -1 15
cc 1 0 0 -1 14
cd 1 0 0 -1 13
ce 1 0 0 -1 12
cf 1 0 0 -1 11
d0 1 0 0 -1 10
d1 1 0 0 -1 f
d2 1 0 0 -1 e
d3 1 0 0 -1 d
d4 1 0 0 -1 c
d5 1 0 0 -1 b
d6 1 0 0 -1 a
d7 1 0 0 -1 9
d8 1 0 0 -1 8
d9 1 0 0 -1 7
da 1 0 0 -1 6
db 1 0 0 -1 5
dc 1 0 0 -1 4
dd 1 0 0 -1 3
de 1 0 0 -1 2
df 1 0 0 -1 1
e0 1 0 0 -1 0
e1 1 0 0 -2 1e
e2 1 0 0 -2 1c
e3 1 0 0 -2 1a
e4 1 0 0 -2 18
e5 1 0 0 -2 16
e6 1 0 0 -2 14
e7 1 0 0 -2 12
e8 1 0 0 -2 10
e9 1 0 0 -2 e
ea 1 0 0 -2 c
eb 1 0 0 -2 a
ec 1 0 0 -2 8
ed 1 0 0 -2 6
ee 1 0 0 -2 4
ef 1 0 0 -2 2
f0 1 0 0 -2 0
f1 1 0 0 -3 1c
f2 1 0 0 -3 18
f3 1 0 0 -3 14
f4 1 0 0 -3 10
f5 1 0 0 -3 c
f6 1 0 0 -3 8
f7 1 0 0 -3 4
f8 1 0 0 -3 0
f9 1 0 0 -4 18
fa 1 0 0 -4 10
fb 1 0 0 -4 8
fc 1 0 0 -4 0
fd 1 0 0 -5 10
fe 1 0 0 -5 0
ff 1 0 0 -6 0
